Sites: 100
CargoSize: 10
SitesWithItems: 91
1: 7,8,3,4,4
2: 1,9,8,3,9,7
3: 1,7,5,7,7,9
4: 2,9,4,1
5: 8,2,1,1,9,9,5,9
6: 4,5,3,9,2,1,4
7: 4,4,1,5,7,3
8: 1,5
9: 7,9,7,1,3,5,8
11: 5,8,1,2,4
12: 2,5,2,6
14: 4,3,1,5,7,9,3
15: 2,9,6,5,4,3,6,5,8
16: 8,9
18: 6,4,8,9,5,6
19: 9,7,5,6,3,5,9,1,6
20: 9
21: 2,8
22: 5,5,6,8
23: 6,7,7,5
24: 4,3
25: 3,6,2
26: 3,7,2,9,5,9
27: 8,3,3,4,2,6,9
29: 9,9,7
30: 1
31: 4,1,3,9,6,1,9
32: 1,5,4,8,8,6
33: 2,2,5,1,4,1,6,3,6
34: 1,3,4
35: 9,3,5
36: 2,5,3,1,6,3
38: 2,2,8,2,4,6
39: 5,5,5,3,7
40: 6
41: 5,5,2
42: 2,5,7,4,6,2,7,1
43: 5,9,3
44: 3,3
45: 3
46: 7,4,1,5,7
47: 2,1,9,5,5,8,6,6
48: 7,9,8,9
50: 6,6,8,7,4,8
51: 8,9,5
52: 8,7,6,8,7,1
53: 2,8,1,8,7,8
54: 2,3,6,4,8,4,7,7,3
55: 2,5,3,8,5,9,7,7,2
56: 6
57: 9,2,5,7,3,9,1,2
58: 2,9
59: 2,3,5,7,7,9
60: 4,9,8,7,1
61: 9,8,2,2,3,4,6,4,5
62: 5,6,5,4,3
64: 2,6,3,6,3
65: 4,8,8,8,7,4,1,8
66: 9,5,9,7,9,7
67: 2,5,7,3
68: 1,3,1,8,9,9,6,9
69: 4,1,8,7,4,2
70: 2,2,4,5,7,6,2,3,2
72: 3,7,4,6,8,1,6,1,8
73: 5,8,5,3,8,9
74: 3,3,7,8,6
75: 6,2,1,3
76: 6,3,8,9,8
77: 8
78: 4,2,7,1,3,6
79: 6,6,2,7,1,1,7,9
80: 9,8
81: 7,1,6,8,7
82: 5,2,3
83: 8,7,4,3,9,2,4
84: 8,7,5,8,7,5
85: 8,4,9,2,2
86: 4,9,8,8,5,5,2
88: 8,9,6,5,2,1,1,7
89: 8,7,1,2,4
90: 6
91: 9,5,5
92: 9,1,2,3,9,4
93: 7,7,2,3,7,3,2,9
94: 5,9,3,9,7,4,8
95: 4,9,6,5,9,6,2,1
96: 1,9,2
97: 5
98: 1,7,2,8
99: 8,8,1,1,6
100: 4,3,7,5,3
Paths: 156
0,67: 11
0,81: 9
0,89: 12
0,97: 15
1,5: 16
1,39: 10
2,7: 7
2,21: 6
2,72: 17
2,84: 9
3,16: 7
3,47: 13
3,65: 6
3,85: 11
3,94: 13
3,96: 13
4,24: 11
5,22: 8
5,57: 7
5,82: 16
5,100: 9
6,29: 14
6,92: 15
7,25: 17
7,51: 15
8,15: 15
8,59: 9
9,69: 17
9,79: 16
9,81: 10
9,90: 12
10,11: 15
10,23: 8
10,24: 12
10,38: 14
10,54: 13
10,71: 9
11,14: 14
11,23: 13
11,34: 9
12,20: 17
12,44: 6
12,56: 16
12,73: 6
13,31: 12
13,42: 16
13,60: 6
14,49: 16
15,29: 13
15,51: 17
16,32: 6
16,64: 14
17,30: 15
17,43: 11
17,60: 9
17,69: 16
17,74: 17
17,79: 6
17,89: 15
18,85: 6
18,88: 12
19,45: 9
19,66: 16
19,75: 6
19,100: 16
20,26: 13
20,30: 10
20,31: 15
21,42: 17
21,89: 9
22,52: 14
22,68: 10
23,57: 14
24,41: 14
24,44: 10
24,81: 10
24,89: 12
25,80: 16
26,71: 8
27,34: 12
28,92: 12
29,34: 15
29,48: 8
30,55: 13
30,69: 9
30,91: 8
30,99: 6
32,55: 10
33,39: 11
34,63: 14
35,79: 14
35,100: 6
36,48: 12
36,68: 8
37,48: 11
37,63: 15
37,83: 13
37,89: 6
38,96: 15
39,48: 9
39,69: 14
39,92: 7
39,96: 10
40,49: 6
40,59: 10
41,62: 13
41,88: 11
42,51: 13
42,98: 17
43,53: 12
44,53: 16
44,61: 9
45,47: 12
45,91: 8
46,49: 16
46,78: 10
47,71: 13
48,61: 10
48,74: 12
50,80: 8
52,60: 14
52,66: 8
53,86: 14
53,92: 17
55,62: 12
55,67: 9
55,87: 17
56,87: 13
56,97: 15
58,84: 6
58,91: 7
59,63: 14
60,76: 7
62,66: 16
62,81: 6
62,88: 11
63,84: 11
64,69: 15
65,98: 10
65,99: 12
66,67: 13
66,95: 9
67,72: 9
68,71: 12
70,82: 7
70,97: 16
77,93: 11
77,95: 15
78,82: 7
78,90: 8
80,90: 17
81,94: 13
85,95: 15
88,99: 13
92,97: 14
97,100: 10
