Sites: 60
CargoSize: 3
SitesWithItems: 49
1: 1,1,1,1,1
2: 1
3: 1
4: 1,1,1,1,1,1,1
5: 1,1
6: 1,1,1,1
7: 1,1,1,1,1
8: 1,1
9: 1,1,1
10: 1,1,1,1
11: 1,1,1
12: 1
13: 1,1,1,1,1
14: 1,1
15: 1,1,1,1,1,1
16: 1
17: 1,1,1,1,1,1
18: 1
19: 1,1,1
20: 1,1,1,1,1,1
21: 1,1,1,1,1
24: 1,1,1,1
25: 1,1,1,1,1
26: 1,1,1
27: 1,1,1,1,1,1,1,1
28: 1,1,1
32: 1,1,1,1,1,1,1,1
33: 1,1,1
34: 1,1
36: 1,1,1,1,1
37: 1,1,1,1,1,1,1,1
38: 1
40: 1,1,1,1,1,1,1
41: 1,1,1,1,1,1,1
42: 1,1,1,1
43: 1,1
45: 1,1
46: 1
47: 1,1,1,1,1
49: 1,1,1,1,1
50: 1,1,1,1
51: 1,1,1,1,1
52: 1,1,1,1
53: 1,1,1,1,1,1,1
54: 1,1,1
55: 1
57: 1,1,1,1
58: 1,1
59: 1,1,1
Paths: 140
0,3: 7
0,20: 12
0,34: 9
0,43: 6
0,48: 5
0,53: 6
1,8: 8
1,24: 6
1,28: 11
1,29: 6
1,38: 12
2,35: 8
2,47: 8
2,51: 11
3,34: 6
3,52: 9
4,12: 11
4,18: 7
4,38: 6
4,48: 8
5,17: 9
5,39: 7
5,42: 9
5,46: 6
5,47: 7
5,49: 11
5,54: 11
6,18: 10
6,45: 7
6,59: 10
7,25: 11
7,36: 12
7,37: 9
8,22: 9
8,25: 6
8,45: 9
8,50: 12
9,14: 6
9,35: 8
9,36: 7
9,46: 8
10,52: 12
10,59: 7
11,44: 9
11,49: 9
11,54: 5
12,13: 12
12,15: 5
12,36: 9
13,24: 8
13,29: 10
13,42: 10
13,49: 7
14,36: 8
14,37: 9
14,38: 9
14,59: 7
15,24: 7
15,29: 10
15,37: 11
15,54: 6
16,23: 12
16,24: 9
18,19: 9
18,26: 12
18,47: 10
18,48: 6
18,51: 5
19,24: 12
19,54: 10
20,28: 11
20,35: 12
20,56: 7
21,28: 6
21,50: 5
21,54: 11
22,26: 11
22,29: 9
22,59: 10
23,35: 6
23,38: 11
23,40: 9
23,42: 9
23,59: 5
24,32: 11
24,35: 6
24,37: 6
24,47: 11
25,49: 7
25,55: 7
26,40: 9
26,53: 9
27,30: 11
27,36: 5
27,39: 6
27,45: 6
27,58: 10
28,38: 9
28,41: 8
28,43: 10
28,49: 11
29,50: 11
29,58: 9
30,44: 11
30,47: 11
30,51: 7
31,48: 5
33,44: 10
34,36: 6
34,42: 9
34,48: 12
34,53: 9
35,57: 8
36,45: 12
36,47: 12
37,39: 9
37,60: 7
38,45: 5
38,49: 9
39,40: 7
39,43: 7
39,50: 9
40,48: 6
41,46: 5
41,47: 12
41,54: 7
41,58: 9
42,52: 9
42,59: 7
43,44: 12
44,46: 10
45,53: 7
47,53: 12
48,51: 9
51,55: 5
51,56: 12
52,58: 6
52,59: 7
53,56: 10
58,60: 7
