Sites: 65
CargoSize: 6
SitesWithItems: 61
1: 3,4,2,3,3
2: 3,1,1,2,3,5
3: 5,2,4,4
4: 4,2,2,5,4,1
5: 5,5,4,3,1,5
6: 4
7: 2,3,2,2
8: 5,5,5,2,3
9: 1,1
10: 5,5,1,3,1,3,1,4
11: 4,1,4,5,4,1,2,4
12: 3,3,1,5,5,1,4,2
13: 2,1,1
14: 4,2,5,1,3
15: 5,1
16: 5,5,4
17: 2,1,5,3,3,4
18: 5,2
19: 1,3,3,2,2,1
20: 1,5,1,1,5,5,5,1
21: 4,2,5,2,3,3,4,3,5
22: 5,2,4,1,4
23: 3,1
24: 2,4,1,2
25: 3,1,1
26: 4,5
28: 1,3,2,5,5,5,1,2
29: 4,4,2,5,4
30: 3,3,4,3,2,4,3,4
31: 1
32: 5,5,1,4,1,2,1,2
33: 5
34: 2,3,1,2,5,2,2
35: 2,1,3,1,5,1
36: 5,2,4,5,1,1,5
37: 5,2,5,3,4,3,1,2,5
38: 5,5,1,3,3,4
39: 5,4,1,5
40: 2,5,2,3,1,2,1,1,1
41: 2,2,1,1
42: 4
43: 2,3,4,1,5,2,2,5,5
44: 1,3,4,3
45: 5,1,3,2,1,1
46: 3,1,2,5,3,2
47: 1,4,3,1,4
48: 5,4,5
49: 5,5,2
50: 1,2,3,3,2,4,3,1,4
51: 3,5,3,5,3
52: 1,2,2,3
55: 4,4,2,5,2,1,4,2,4
57: 5
58: 2,5
59: 3,2,4,5,3,4,5,2
60: 2,3,2,3,1,5,4
61: 1,2,3,5,1,4,5,3
62: 2
63: 3,1,4
64: 5
65: 5,3,2,1,2,1
Paths: 98
0,29: 13
0,45: 4
0,48: 13
0,54: 8
0,62: 7
1,47: 11
1,49: 6
2,37: 12
2,38: 2
2,50: 14
2,52: 9
3,13: 11
3,37: 2
3,46: 12
4,37: 11
4,63: 2
5,47: 2
5,55: 5
6,10: 11
6,13: 3
6,25: 6
6,55: 3
6,59: 3
7,16: 6
7,61: 10
8,29: 9
9,54: 13
10,41: 3
11,16: 5
12,16: 3
12,29: 14
12,35: 5
12,37: 5
12,48: 14
13,39: 10
13,44: 11
14,37: 6
14,60: 11
15,19: 6
15,27: 8
15,34: 5
15,35: 5
16,65: 9
17,34: 8
18,26: 2
19,60: 9
20,49: 2
20,63: 14
21,42: 7
22,23: 12
22,33: 3
22,47: 5
22,57: 6
22,61: 10
22,63: 13
23,29: 7
24,34: 3
24,42: 11
24,56: 6
25,28: 4
26,29: 5
26,61: 3
27,47: 10
28,38: 7
28,60: 7
29,40: 12
29,50: 9
30,42: 11
31,41: 13
31,55: 13
31,58: 3
31,59: 9
32,50: 4
32,53: 7
32,64: 11
33,51: 5
34,45: 12
35,58: 11
36,48: 11
37,40: 12
38,50: 13
39,42: 5
41,51: 8
42,51: 13
43,56: 11
44,54: 2
44,59: 10
44,61: 7
45,52: 8
45,54: 4
45,60: 14
46,63: 11
49,58: 12
53,65: 7
56,63: 13
57,60: 7
62,63: 13
63,65: 7
