Sites: 70
CargoSize: 3
SitesWithItems: 63
1: 1,1,1,1,1,1,1,1
2: 1,1,1,1
3: 1,1,1,1
4: 1,1,1,1,1,1,1,1,1
5: 1,1,1,1,1
6: 1,1,1,1,1
7: 1
8: 1,1,1,1,1,1,1
9: 1,1,1,1,1
11: 1,1,1,1,1
12: 1,1
15: 1,1
16: 1,1,1,1,1,1,1,1
17: 1
18: 1,1,1,1,1,1,1
19: 1,1,1,1,1,1
20: 1,1
21: 1,1,1,1
22: 1,1
23: 1,1,1,1,1,1,1,1,1
24: 1,1,1,1,1,1
25: 1,1
26: 1,1,1,1,1,1
28: 1,1,1,1,1,1,1,1,1
29: 1
30: 1,1,1,1,1,1,1
31: 1,1,1,1,1,1,1,1,1
32: 1,1,1,1
33: 1,1,1,1,1,1,1,1
34: 1,1,1,1,1,1
35: 1
36: 1,1,1,1,1,1
37: 1,1,1,1,1,1
38: 1,1,1,1,1
39: 1,1,1,1
40: 1,1,1,1,1
41: 1,1
42: 1,1,1,1,1,1
43: 1,1,1
44: 1,1
45: 1,1,1,1,1,1,1
46: 1,1,1,1,1,1
47: 1
48: 1,1,1,1,1,1,1,1,1
49: 1,1,1
50: 1,1,1,1,1,1
51: 1
52: 1,1,1
53: 1,1,1
54: 1,1
55: 1,1,1,1,1
56: 1,1,1,1
59: 1
60: 1,1,1,1,1,1
62: 1,1,1,1
63: 1,1
64: 1,1,1,1
65: 1,1,1,1,1
66: 1,1,1,1,1,1,1,1,1
67: 1,1
68: 1
69: 1,1,1,1,1
70: 1
Paths: 169
0,16: 5
0,31: 6
0,39: 7
0,41: 3
0,59: 3
0,66: 2
1,2: 5
1,19: 10
1,29: 8
1,38: 7
2,22: 4
2,28: 1
2,52: 10
3,26: 2
3,39: 2
3,44: 3
3,48: 4
3,70: 10
4,5: 7
4,46: 6
4,53: 7
5,29: 8
5,41: 8
5,44: 3
5,48: 7
5,53: 7
5,55: 9
6,7: 8
6,11: 4
6,63: 6
7,19: 7
7,20: 5
7,29: 2
7,47: 1
7,70: 8
8,23: 4
8,26: 1
8,31: 3
8,56: 1
9,31: 1
9,32: 4
9,69: 7
9,70: 4
10,26: 3
10,47: 4
10,58: 9
10,60: 3
10,63: 9
10,65: 8
11,20: 8
11,29: 2
11,44: 9
11,64: 4
12,31: 2
12,48: 9
12,53: 6
12,60: 6
13,40: 1
13,48: 9
13,53: 10
13,57: 5
13,64: 6
14,32: 6
14,47: 8
14,49: 6
14,60: 6
14,65: 4
15,25: 4
15,34: 8
15,40: 5
15,53: 5
15,64: 8
16,21: 5
16,24: 10
16,45: 7
16,47: 5
17,27: 1
17,63: 6
18,30: 7
18,52: 4
18,58: 4
18,63: 5
19,37: 6
19,55: 2
20,21: 4
20,27: 10
20,49: 10
20,52: 3
20,65: 6
21,29: 4
22,23: 9
22,43: 10
22,65: 7
23,26: 7
23,41: 2
23,50: 5
23,58: 4
23,67: 3
24,29: 9
24,46: 6
24,51: 1
24,59: 8
25,30: 9
25,32: 5
25,69: 1
26,27: 10
26,35: 9
26,56: 6
27,28: 6
27,38: 2
27,46: 4
27,62: 3
28,30: 10
28,31: 10
28,45: 5
28,57: 3
28,65: 2
28,68: 7
29,43: 3
30,36: 3
30,49: 5
30,50: 2
30,59: 10
31,56: 1
33,55: 6
33,66: 6
34,37: 4
34,43: 8
35,40: 7
35,55: 2
36,53: 8
36,54: 7
36,55: 9
36,68: 4
37,45: 7
37,56: 2
37,57: 4
38,58: 3
38,67: 6
40,53: 4
40,61: 9
40,68: 1
42,65: 9
42,68: 4
43,49: 9
43,56: 3
43,58: 6
43,61: 8
43,64: 8
44,49: 3
44,61: 2
44,63: 6
44,66: 10
44,70: 10
45,59: 10
47,51: 6
47,56: 7
47,59: 1
50,52: 1
50,69: 6
51,53: 1
51,54: 2
51,57: 1
52,64: 2
55,63: 5
56,70: 1
57,66: 5
60,63: 7
66,69: 9
