Sites: 75
CargoSize: 5
SitesWithItems: 62
1: 1,2
2: 4,4,1
3: 4,4,1,2,2,4,2
4: 2,3,1,1,1,3,2
5: 4,1,4,1
6: 3,2,4,1,3
7: 4,4,2
8: 1,3
9: 3,3,2,2,1
10: 1,3,2,3,1,1,2
11: 1,1,1
12: 1,4
13: 4,3,2
14: 1,2,3,4,2
15: 4,4,1,3,4,3,1
16: 1,1,4,2,4
17: 2,1
18: 4,3,2,4,3,3,2
19: 1,1,2
21: 1,4,3,3,1
24: 3,1,1,2,1
25: 4,4,2
26: 3,1,1
27: 1
28: 3,4,3,3,1
29: 4
30: 2,3,1,1,1,2,2
31: 1,1,4,2
32: 3,4,2
33: 3,3
34: 2,2,1,2,2,1
35: 1,3,4,3,4
38: 1,4,4
39: 3,3,3,3,4,2,3
40: 4,2,4,2
42: 2
43: 4,4,3,4,1,4
44: 4,1,3,1
45: 2,4,4,2,1,3,2
46: 1
48: 2
50: 4,4,3
51: 1,4,3,3,2,3,4
52: 4,1
53: 3,1,2
54: 1,2,3,4,2,1
55: 1,2,4,3,1,1
56: 3,1,4
57: 1,1,3,4,1
58: 1,1,3
59: 4,3,4,1,1
60: 4,4,2
61: 3,2,4,4,1
63: 1,2
64: 4
65: 4
66: 4,1,2,2,4
68: 4,2,2,1,1,4
69: 2,3,1,2,4
71: 4,3,3,1,4,3
72: 2,4,4,4,3
73: 1,4,1,3
Paths: 193
0,1: 14
0,18: 16
0,22: 8
0,34: 12
0,36: 17
0,52: 9
0,75: 5
1,6: 6
1,10: 8
1,60: 13
1,68: 5
2,13: 8
2,23: 17
2,53: 17
3,13: 8
3,15: 8
3,55: 8
4,15: 9
4,30: 15
4,39: 17
4,65: 5
4,68: 8
4,74: 16
5,9: 6
5,15: 7
5,19: 12
5,30: 11
5,35: 6
5,47: 9
5,56: 8
6,10: 11
6,30: 12
6,34: 13
6,40: 16
6,50: 10
6,73: 15
7,9: 5
7,24: 15
7,26: 6
7,42: 11
7,70: 6
8,22: 7
8,34: 10
8,37: 10
8,40: 14
8,49: 7
8,65: 9
8,68: 15
9,31: 15
9,41: 16
10,39: 15
10,50: 11
10,54: 5
10,63: 10
10,71: 5
10,72: 9
11,12: 7
11,17: 10
11,43: 9
11,47: 17
11,70: 7
12,19: 11
12,29: 16
12,32: 5
12,43: 5
12,45: 4
12,59: 11
12,63: 8
12,71: 9
13,22: 16
13,41: 12
13,43: 10
13,63: 11
14,18: 4
14,73: 10
15,18: 17
15,21: 9
15,49: 11
15,55: 5
16,37: 13
16,72: 9
17,31: 8
17,39: 15
17,42: 10
17,44: 9
17,64: 8
17,67: 10
17,70: 8
18,25: 14
18,31: 8
18,41: 13
19,22: 4
19,25: 6
19,47: 8
20,35: 10
20,47: 14
20,56: 8
20,58: 10
21,54: 8
21,58: 16
22,23: 10
22,30: 4
22,48: 7
22,55: 15
22,58: 4
23,37: 11
23,47: 5
23,61: 6
23,72: 13
24,38: 5
24,43: 11
24,47: 11
24,57: 4
24,64: 4
25,29: 17
25,32: 5
25,35: 9
25,51: 16
25,54: 10
25,57: 7
25,61: 11
26,62: 9
27,40: 12
27,45: 8
27,48: 16
27,63: 17
27,75: 5
28,31: 12
28,42: 16
28,63: 9
29,49: 16
29,56: 13
29,70: 15
30,47: 10
30,64: 17
31,33: 9
31,51: 9
31,61: 12
31,67: 17
32,52: 17
33,53: 8
33,66: 7
33,68: 10
33,70: 13
33,75: 8
34,55: 8
34,56: 17
34,62: 11
34,70: 17
35,41: 12
35,42: 10
35,48: 8
35,57: 14
36,38: 12
36,39: 11
37,72: 17
40,52: 6
40,59: 5
41,53: 17
42,47: 10
42,49: 6
42,52: 14
42,56: 13
43,54: 7
43,57: 12
43,59: 15
43,60: 16
45,46: 17
45,74: 4
47,49: 6
48,65: 9
48,67: 16
49,53: 4
50,54: 15
50,61: 17
51,73: 15
52,55: 6
52,66: 7
52,75: 4
53,55: 4
53,71: 6
55,58: 7
55,61: 12
57,58: 4
57,69: 15
57,75: 14
62,65: 7
62,75: 9
63,64: 9
63,70: 14
68,71: 8
70,72: 16
72,73: 7
