Sites: 80
CargoSize: 7
SitesWithItems: 66
1: 2
2: 2,3,4,4
3: 2
4: 1,3
6: 1,4,2,2,2,4
8: 4,3
10: 4,2,2
11: 2,3,4,2,4
12: 2,1
13: 3,1
14: 1,4,3
15: 1,4,2,4,1,4
16: 3
17: 1
20: 1,4,4,4,2,1
21: 1
23: 3,1,1,2,2
24: 4,3
25: 1
26: 4
27: 3,1
29: 2
30: 4,2,1,3,3
31: 4
32: 4,3,1,4,1,1
33: 1,1
34: 4
35: 2,1,4
36: 2,2,3,1,1
37: 3,2,1,1,3,1
38: 3,4,2,3,1
39: 1,2,4,2
40: 2,2,4
41: 2
42: 4,2
43: 4,4,2,4
44: 1
45: 2
46: 1
47: 1
48: 3,1,4
49: 1,1,1,1
50: 2,3,3,2,1,1
51: 2,1,4,3,3,2
53: 3,1
54: 3
55: 2,3,1
57: 4
58: 4,4,3,3
59: 4,4
60: 1,1,1
62: 3,3,3
63: 1
64: 3,3,1,1,1
66: 4,4,1,2,2
67: 4,2,4,2,3
68: 1,1,4,3,2,4
69: 2,1,4,3,2,3
70: 4,4,1
71: 3,3,3,4,3,1
72: 2,3,2,4
73: 3,3,3,3
75: 3,2,3,1,2
76: 1,1,3,3
77: 1,2
79: 1,2
Paths: 81
0,79: 8
1,17: 9
2,4: 8
2,21: 5
2,50: 5
2,56: 11
2,59: 9
3,23: 10
3,72: 12
4,32: 12
4,45: 9
4,72: 9
5,41: 8
6,24: 9
6,35: 14
7,11: 9
7,54: 10
7,76: 10
8,22: 9
8,43: 10
9,77: 12
10,62: 12
10,63: 8
11,12: 7
11,53: 13
12,18: 9
13,63: 13
14,30: 11
15,19: 11
15,25: 10
15,28: 11
16,31: 13
16,77: 14
17,52: 9
17,80: 10
18,19: 7
18,36: 12
18,43: 11
20,21: 6
20,26: 9
20,37: 8
25,69: 8
27,72: 11
29,43: 11
30,34: 12
30,46: 12
30,59: 12
30,73: 5
31,36: 7
33,40: 5
33,54: 5
33,60: 10
35,52: 9
35,55: 6
35,70: 10
37,68: 14
37,75: 6
38,39: 6
38,66: 5
38,68: 7
41,45: 7
42,56: 10
44,71: 12
44,79: 12
45,51: 12
45,74: 9
47,59: 7
47,62: 10
48,77: 6
49,51: 5
49,64: 13
49,65: 14
55,57: 11
56,58: 14
57,64: 11
58,63: 8
59,61: 5
60,67: 12
67,78: 14
69,79: 13
71,77: 7
