Sites: 55
CargoSize: 7
SitesWithItems: 47
1: 2,2,1,2
2: 5,4,5,3,4
3: 1,2,2,2,4
4: 4
5: 6
7: 5
8: 6,1
9: 2,5,3
10: 1,3
11: 5,5,5,3
12: 4,1,2,2,1
13: 2,2
14: 4,5,4,5
15: 2
16: 1,6,1,2,1,2
18: 2,5,1,4,6,2
19: 1,2
20: 2
21: 2,4,5
22: 4,6,4,1,2,2
25: 1,1,1
26: 4,2
27: 3,4
28: 2,4
29: 6,4
30: 3,6,1,2,3
31: 3,5,6,1
32: 5,3
33: 1,4,5,3,3,3
34: 1
35: 5,4,6,4,1,1
36: 1,5,6,6,2
37: 3,5,3,3
40: 5,3,5
41: 6,6
43: 2,2,6,3,6
44: 1,4,5,4,5
45: 2,5,5
46: 2,2,3,5,5,3
47: 5,3,4,3,4
48: 6,1,2
49: 5,2
50: 4,1,4,2,1
51: 1,5,1,4
52: 4
54: 4,6,3,3,1
55: 5,5
Paths: 111
0,13: 15
0,33: 10
1,7: 14
1,39: 16
1,46: 19
2,3: 12
2,12: 16
2,20: 17
2,22: 7
2,23: 16
2,54: 10
3,10: 10
3,12: 9
3,17: 13
3,50: 19
4,7: 10
4,16: 10
4,49: 6
5,33: 14
5,38: 10
5,54: 8
6,12: 13
6,14: 6
6,25: 11
7,41: 19
7,42: 15
8,38: 8
8,52: 18
9,10: 11
9,16: 15
9,36: 10
9,42: 14
9,49: 10
9,50: 14
9,51: 15
10,22: 16
11,12: 17
11,15: 13
11,35: 14
11,40: 15
11,48: 19
12,15: 8
12,40: 6
12,43: 7
14,15: 11
14,26: 9
14,33: 13
14,55: 10
15,19: 10
15,23: 9
15,51: 6
16,39: 6
16,42: 6
17,22: 19
17,34: 7
17,46: 9
18,26: 10
18,29: 8
18,42: 16
18,54: 10
19,32: 6
19,38: 16
19,52: 16
20,24: 13
20,37: 16
20,42: 6
20,46: 12
21,36: 9
21,50: 12
21,54: 8
21,55: 19
22,49: 6
23,47: 16
24,35: 7
24,45: 6
24,46: 10
25,43: 13
26,34: 17
26,45: 14
26,55: 17
27,33: 6
27,43: 14
27,55: 12
28,30: 14
28,53: 19
28,54: 17
29,33: 8
30,40: 15
30,45: 7
31,34: 16
32,33: 19
32,45: 8
33,38: 11
34,39: 19
34,41: 19
34,52: 7
35,48: 17
35,50: 7
36,43: 17
36,47: 13
36,51: 19
37,41: 14
38,52: 11
40,45: 19
40,46: 6
41,54: 12
44,45: 8
44,53: 16
44,54: 14
48,51: 15
52,55: 15
