Sites: 100
CargoSize: 18
SitesWithItems: 83
1: 6,5,6,4
2: 6,6,6,5,4
4: 6,5,6,2,2,1
5: 1
6: 2,7
7: 1,5,5,6,1
8: 5,2,3,7
9: 4,6,2,5
10: 5,2,6,4,5
11: 3,7
12: 2,3,2,3,4,3
14: 7,5,3,3
15: 1,6,7
16: 3
17: 5,2
19: 3
20: 1,4,6,6
22: 5
23: 7,6
24: 2,4,2,2,7,5,2
25: 7,6,5,1,7,3,5
26: 2
27: 3
28: 2,4,2,5,2,6,4
29: 6,5
30: 3
32: 7,7
33: 7,6,4,7,3
34: 6,4,7,3,1
37: 7,6,7,5
38: 4,1
39: 6,5,5,6
41: 1
42: 1,7,5,1,2,2
43: 5,1,1,3,3
44: 3,6
45: 5,4,3,2,7,3
46: 7,4,3,7,3
47: 7,7,5,1,5,6
48: 7,1,4,1,7,6,6
49: 1
51: 2,2,4,3,5
52: 5,6,4,2
53: 1
54: 3,3,1,5
55: 2
56: 4,5,4,4,3,4
58: 3,5,4,6
59: 1,1,6,4,2
60: 3,5,4,7
61: 7,6,6,1,3,2
62: 1,5,7,7
63: 2,4,1,7,2,6
64: 1,5,4,7,2,2
65: 6,5,7
66: 5,4
67: 2,7,6,1,5
68: 5,3,4,5,5
69: 3,3,7,4,2,1
70: 4,2,5
71: 1,5,7
72: 2
73: 3,5,5,6,1,6,2
74: 2,1,3
75: 7,6,6,6
76: 4,6,7,3,2,6,2
77: 4,5,3
80: 4,3
82: 4,5
83: 3,6,2,6
84: 1,4
86: 7,4,3,3,7,2,3
87: 5,5,5,3,7,1,2
88: 3,5,2,4,6
89: 2,2
90: 6
93: 5,6,3,4,5
95: 2,6
96: 5,4,5,6
97: 4,6,3,1,5,7
98: 4,5
99: 4,1
100: 4
Paths: 150
0,46: 7
1,14: 20
1,82: 20
2,26: 13
2,69: 12
2,75: 8
3,98: 6
4,27: 23
4,77: 2
5,54: 5
5,60: 18
6,32: 1
6,51: 8
6,53: 13
7,13: 19
7,76: 1
7,83: 13
7,90: 3
7,95: 11
8,65: 22
9,28: 8
9,35: 10
10,61: 3
10,63: 13
11,24: 23
11,37: 5
11,58: 4
12,15: 16
12,44: 24
12,47: 24
12,53: 3
12,77: 15
14,97: 7
14,98: 1
15,18: 21
15,29: 13
15,33: 21
15,93: 1
16,45: 14
17,68: 19
17,97: 1
17,98: 13
18,39: 19
18,50: 12
19,22: 3
19,41: 23
19,44: 3
19,52: 12
19,79: 8
20,49: 6
20,70: 7
20,97: 13
21,26: 4
21,31: 6
21,37: 10
23,39: 5
23,84: 17
24,33: 17
24,65: 6
24,95: 10
25,28: 6
25,37: 3
25,98: 23
26,58: 4
26,88: 15
27,77: 5
28,77: 9
29,43: 17
30,42: 8
30,89: 6
31,68: 18
32,34: 20
32,70: 10
33,46: 20
33,51: 20
33,76: 19
34,42: 21
35,61: 7
35,85: 7
36,41: 21
36,59: 1
36,82: 11
37,65: 2
37,98: 5
38,43: 24
38,45: 13
38,84: 17
38,88: 21
39,75: 17
40,69: 18
41,63: 22
41,81: 3
42,77: 15
42,93: 23
43,62: 24
43,78: 11
43,95: 23
46,49: 14
46,51: 16
46,68: 1
46,74: 23
46,89: 14
47,56: 19
47,60: 18
47,71: 24
48,62: 9
48,85: 22
49,59: 17
49,99: 3
52,60: 6
53,86: 23
54,90: 20
55,57: 13
56,80: 7
56,87: 21
57,83: 8
57,96: 10
57,98: 19
58,90: 15
58,93: 10
58,94: 18
59,64: 4
59,93: 2
59,95: 20
59,96: 4
60,88: 18
61,80: 16
61,81: 22
61,82: 6
63,66: 18
65,74: 17
66,68: 3
66,81: 22
67,84: 10
67,88: 4
69,78: 24
70,91: 2
72,90: 22
73,79: 19
73,100: 19
74,76: 1
75,83: 24
77,83: 22
81,87: 24
88,99: 17
89,90: 3
91,96: 10
92,95: 12
94,95: 2
94,99: 18
