Sites: 45
CargoSize: 9
SitesWithItems: 39
1: 5
2: 5,4,4,5,1
3: 5,4,5
4: 2
5: 4,3,1,5,3
6: 2,3,3,3,1
7: 2,4,4,5,3,2,3
8: 3,3,5
9: 5,3,5,2
10: 3,3
11: 4,4,3,2,2,2
12: 2,3,5
13: 4,5
14: 4,2,4,5,2,4
15: 5
16: 1,5,4,3,5,5
17: 5,2,2,5,3,1,2
18: 2,3,4,1,1,4
19: 4,4
20: 5,5,3,1,4,3,2
21: 5,4,4,4,4,3,5
24: 4,5,1,3
25: 5,1,3,2,2,5
26: 1,3,4,5,4,5
27: 3
28: 4,5,4,2
29: 4,3,3
31: 4,3
33: 4,2,2
34: 1
35: 1,5,4
37: 3,4,1,4
39: 3,4,3,2,3,3
40: 5,1
41: 4
42: 3
43: 1,2,2,1,3,5
44: 5
45: 4,5,3,2,1
Paths: 112
0,5: 7
0,7: 10
0,16: 5
0,22: 6
0,28: 13
0,36: 6
1,20: 6
1,21: 13
1,22: 6
1,32: 12
1,43: 12
2,14: 6
2,17: 9
2,25: 13
2,35: 9
3,6: 10
3,7: 8
3,12: 13
3,16: 9
3,23: 5
3,24: 12
3,31: 7
3,41: 5
4,8: 7
4,13: 5
4,15: 12
4,24: 13
4,28: 5
4,44: 11
5,13: 12
5,16: 11
5,37: 10
5,44: 5
6,7: 8
6,22: 6
6,29: 9
6,37: 8
7,34: 12
8,12: 6
8,17: 9
8,37: 12
9,27: 8
9,31: 10
9,33: 5
9,41: 5
9,42: 9
10,21: 8
10,25: 5
10,27: 10
10,40: 6
11,12: 5
11,30: 7
11,35: 11
11,37: 10
11,43: 12
11,45: 12
12,19: 6
12,20: 9
12,37: 9
12,41: 13
12,44: 7
13,22: 5
13,38: 9
13,43: 12
14,33: 7
14,38: 11
15,36: 11
15,39: 7
15,40: 8
15,44: 11
16,31: 8
16,34: 10
16,37: 13
17,27: 7
17,38: 10
18,22: 13
18,26: 5
19,39: 11
19,45: 13
20,25: 12
20,28: 11
21,33: 10
21,35: 8
21,37: 9
22,40: 10
22,45: 9
23,27: 9
23,35: 12
24,27: 13
24,32: 8
24,34: 7
24,38: 13
24,40: 11
24,41: 11
25,29: 8
25,34: 10
25,39: 13
26,32: 13
26,35: 5
27,36: 9
27,43: 11
30,38: 13
31,32: 11
31,36: 8
31,44: 5
33,37: 8
36,44: 6
38,40: 12
38,41: 10
40,44: 8
42,45: 10
43,44: 5
