Sites: 85
CargoSize: 9
SitesWithItems: 72
1: 4,6,7,3
2: 5,7,1,4
3: 4,2
4: 1,5,1,4
5: 5
6: 7,4,2,6,3
7: 1,5,4
8: 6,1,5
9: 4,5,6,1,1
10: 2,7
13: 6,5,6
14: 1,4,3,7
15: 3
16: 2
17: 6,4,5,4,6
18: 2
19: 4,1
21: 7,1
22: 4,5,5,3,7
23: 6,5,4
24: 4,1
25: 5,4,6,1
26: 7,3,2
27: 2,2,1,2,5
28: 5,2,2
29: 1
30: 2,5
31: 7,3,4,6,3
32: 2,4,7,1
33: 4,7,7
35: 7,6,6,1
36: 3
37: 7,7,5
38: 7,2,5,2,4
41: 6,2,6,5
43: 5,3,7,1
44: 6,5,1,4
45: 1,6,5,4,7
47: 5,5,5
48: 1,3,2,6,6
49: 6,7
50: 4,2,7,6
51: 1
52: 7,2,5
53: 7,4,7,3,2
54: 1,7,5
55: 4,7,6,2,5
56: 1
57: 1,7,6,1,6
58: 4,3
59: 6
60: 7,2,5
61: 7,5,5
62: 5,2,2,4
64: 6,7,7,2,1
66: 2,5
67: 6,5,2
68: 7,2
69: 6,3,7,3,6
71: 4,7,5,4
73: 3
74: 2,5,3,4,5
75: 4,2,3,5,4
76: 5,1,6,2
77: 3,7,5
78: 4,3
79: 2,4,5,4
81: 6
82: 1,5,7,5
83: 2
84: 1,5
85: 4,5,3,2,3
Paths: 170
0,21: 6
0,25: 12
0,50: 4
0,68: 6
1,37: 11
1,75: 1
1,78: 4
2,8: 6
2,31: 12
2,75: 12
3,9: 3
3,12: 1
3,25: 1
3,28: 8
4,26: 10
4,36: 4
4,52: 4
5,30: 7
5,31: 3
5,33: 11
5,50: 4
5,64: 7
6,27: 8
6,68: 2
6,76: 3
7,20: 12
7,46: 5
7,53: 11
7,62: 10
7,64: 4
8,35: 2
8,37: 4
8,46: 9
9,27: 1
9,36: 10
9,38: 6
10,25: 6
10,52: 3
10,59: 2
11,75: 6
11,76: 6
12,14: 4
12,37: 6
13,42: 12
13,54: 8
13,55: 10
13,71: 11
14,23: 4
14,24: 8
14,54: 5
14,63: 8
14,83: 3
15,16: 2
15,65: 11
16,22: 3
16,43: 6
16,44: 4
16,49: 5
16,53: 10
17,22: 7
17,47: 8
18,26: 5
18,56: 2
18,65: 3
18,79: 8
18,84: 9
19,40: 11
19,73: 3
19,81: 8
20,38: 6
20,57: 12
20,77: 2
20,85: 9
21,25: 12
21,26: 6
21,59: 8
21,76: 7
21,79: 1
22,34: 12
22,47: 4
22,61: 4
22,70: 3
23,57: 6
23,64: 9
23,65: 4
24,51: 2
25,54: 2
25,83: 6
26,67: 4
26,72: 10
26,78: 5
27,70: 6
28,38: 11
28,47: 12
28,77: 8
28,78: 6
29,48: 4
29,73: 7
29,82: 2
30,34: 6
30,43: 4
30,57: 3
30,69: 7
31,55: 6
31,59: 11
31,81: 10
32,71: 2
32,78: 10
33,61: 4
33,73: 10
34,77: 12
34,82: 8
34,85: 9
35,38: 5
35,77: 8
36,66: 12
37,65: 10
37,71: 12
38,59: 6
39,44: 10
39,59: 7
39,64: 7
39,80: 1
40,57: 11
40,63: 10
41,64: 8
41,80: 8
41,85: 4
43,64: 6
43,71: 7
43,72: 11
43,81: 10
44,47: 5
45,58: 7
46,51: 3
46,58: 7
47,69: 1
49,58: 8
49,62: 6
49,78: 1
50,71: 9
50,83: 2
51,68: 1
51,80: 4
51,84: 12
52,53: 2
53,75: 5
54,60: 6
55,56: 12
55,61: 5
55,71: 6
57,82: 10
58,77: 10
59,68: 12
60,67: 6
60,73: 4
61,69: 11
64,67: 4
65,68: 9
65,70: 7
66,72: 1
66,85: 12
67,80: 7
67,83: 1
70,84: 1
72,84: 11
74,76: 12
74,80: 6
77,85: 12
80,85: 4
