Sites: 95
CargoSize: 9
SitesWithItems: 86
1: 1,2,2,1,1
3: 1,1,1,1,1
4: 2,2,1,1,1
5: 2,2,2,2,2,1,2
6: 1,1
7: 2,2,1,1
8: 1,1,1
11: 2
12: 2,2
13: 2
14: 2,2
15: 2,2,1,1,2,1,2
16: 2,1,1,2
17: 1,1,2,1,1,1
18: 2,1
19: 1,1,1,1,1,1,2
20: 1,2,1
21: 2,2,1,1
22: 2,2,2,2,2
23: 2,1,2,1,1,1,1
24: 1,2,1,1
25: 2,2,2
26: 1,2,1
27: 1,2,2,1,1,2,1
28: 1,1,1,2,2,1,2
29: 2,1,1
30: 1,2,2,2,2,1,2
31: 2,2,2,2
33: 2,2,2,2
34: 1,2,2,2,2,2,2
35: 2
36: 2,1,1,1,2,1
37: 1,2
38: 1,2,2,1
39: 2,1,2,1,1,2
40: 1,1,1
41: 1
42: 1,2,1,2
43: 2,1
44: 2,2,1,2,1,1
45: 1
46: 2,1,1,2,1,1,2
47: 2
48: 2,2,1,2,1,1
50: 1,2,2,2,1
51: 2,1,1,1,1,2
52: 2,2,2,2,2
53: 1
54: 1,2,2,2,2
55: 2,2,1,1
56: 1,1,2,1
57: 2,2,1,2
58: 1,2,1,1,2,1,1
59: 1,2,1,2
60: 2,1,2,1,1,2
61: 1,2,1,2,1
62: 2,2,1,1,2,1
63: 2
64: 1,2
66: 2
67: 1
68: 1
69: 2,1,2,1,1,1
70: 1,2,1,2,1,1,1
71: 1,1
72: 2,1,2,1,1
73: 1,2,2,2
74: 2,2,2,2,2,2
75: 2,2,2
76: 1,2,2,1
77: 1,2,1,1,1,2,1
78: 1,2
79: 1,2,1,2,1,2
80: 2,1,1,1,2,2,1
81: 1,2,2,1
82: 1,2,1,2,1
83: 2,1,1,1,2,1
84: 1,2,1,2,1
85: 2,2,2
86: 2,2,2,1,2,1
87: 1,1,2,1,2,2
88: 2,2,2,2,2
89: 1,2,1
90: 2,1,1,1,2
92: 1
93: 1,1,2,2
Paths: 236
0,15: 15
0,36: 9
0,88: 12
0,93: 12
1,3: 12
1,14: 5
1,29: 5
1,35: 14
1,53: 17
1,94: 17
2,16: 14
2,18: 8
2,39: 12
2,95: 12
3,30: 18
3,36: 13
3,37: 9
3,47: 11
3,64: 4
3,69: 8
3,81: 10
4,21: 9
4,25: 14
4,43: 16
4,58: 9
4,92: 16
5,21: 17
5,46: 11
5,55: 6
5,76: 17
5,95: 16
6,19: 9
6,56: 18
6,64: 6
6,80: 5
6,83: 9
7,15: 17
7,21: 9
7,42: 7
7,43: 11
7,91: 15
8,24: 7
8,41: 5
8,44: 18
9,15: 12
9,64: 6
9,78: 15
9,87: 17
10,17: 8
10,38: 4
10,53: 11
10,93: 14
11,12: 6
11,75: 10
12,44: 4
12,80: 9
12,82: 9
13,23: 16
13,27: 14
13,33: 13
13,37: 15
13,42: 6
13,75: 14
13,88: 6
14,43: 13
14,54: 10
14,59: 15
15,83: 4
16,23: 10
16,50: 15
16,55: 12
17,26: 7
17,62: 7
17,88: 17
18,22: 12
18,27: 9
18,48: 9
18,51: 4
18,62: 4
18,87: 13
19,24: 11
19,31: 12
19,44: 6
19,53: 16
19,59: 11
19,60: 15
19,85: 14
19,88: 5
20,26: 17
20,38: 17
20,44: 11
20,48: 4
20,56: 9
20,66: 10
20,69: 4
21,47: 14
21,51: 10
21,59: 12
21,93: 15
22,57: 7
22,73: 4
22,74: 6
22,86: 7
22,89: 6
23,27: 12
23,34: 16
23,38: 17
23,43: 16
23,55: 12
23,61: 6
24,48: 12
24,68: 5
24,95: 4
25,45: 5
25,52: 6
25,60: 8
25,90: 4
26,58: 16
26,59: 11
26,71: 8
26,85: 4
27,29: 12
27,62: 16
27,66: 4
27,72: 12
27,87: 8
28,82: 16
29,49: 10
29,69: 9
30,60: 17
30,75: 13
30,91: 4
31,41: 5
31,79: 12
31,83: 5
32,38: 8
32,71: 7
32,78: 15
33,47: 15
33,95: 18
34,57: 16
34,60: 16
34,80: 16
35,50: 17
35,54: 18
35,90: 10
36,59: 10
36,80: 16
36,82: 8
36,85: 10
37,53: 10
37,76: 13
37,87: 6
37,93: 12
38,61: 11
38,84: 8
39,42: 5
39,64: 9
39,83: 7
39,84: 18
40,52: 7
40,73: 6
40,82: 16
40,87: 7
42,57: 15
42,63: 10
42,68: 11
42,72: 14
42,86: 10
43,45: 8
43,50: 11
43,70: 17
43,95: 10
44,47: 11
44,57: 4
44,59: 13
44,86: 16
44,91: 17
45,67: 12
46,74: 6
47,64: 12
47,77: 5
48,68: 12
49,60: 12
49,66: 16
50,58: 10
50,76: 4
50,92: 12
52,85: 15
53,94: 17
54,55: 5
54,56: 15
55,66: 12
55,80: 18
55,91: 7
56,78: 6
58,74: 11
58,85: 10
58,93: 6
60,65: 16
60,72: 12
61,88: 5
62,71: 14
62,85: 9
63,74: 7
63,77: 6
63,78: 12
64,87: 17
65,78: 12
65,82: 12
65,85: 11
66,68: 5
66,77: 10
67,80: 12
67,93: 5
67,94: 16
68,87: 7
69,83: 15
69,88: 9
70,71: 17
70,78: 5
70,87: 14
70,89: 16
71,92: 7
72,73: 10
73,76: 15
73,84: 14
73,90: 14
74,83: 13
76,83: 10
76,94: 6
80,92: 11
85,95: 5
86,93: 16
87,92: 16
90,94: 15
